10,1,EJEMPLO,292,212,36,11,8,3,0,0,0,0,0,0,0,0,0,0,0,0
10,2,EJEMPLO,570,78,45,11,8,2,0,3,-1,0,0,0,128-128-128,0-0-0,|0||128-128-128,0,0,0,0,0,0
10,3,EXAMPLE,283,306,38,11,8,3,0,0,0,0,0,0,0,0,0,0,0,0
1,4,2,3,0,0,0,0,0,64,0,-1--1--1,,1|(431,187)|
1,5,1,3,0,0,0,0,0,64,0,-1--1--1,,1|(288,252)|



10,3,EXAMPLE,283,306,38,11,8,3,0,0,0,0,0,0,0,0,0,0,0,0
1,4,2,3,0,0,0,0,0,64,0,-1--1--1,,1|(431,187)|
1,5,1,3,0,0,0,0,0,64,0,-1--1--1,,1|(288,252)|


10,1,EXAMPLE,283,306,38,11,8,3,0,0,0,0,0,0,0,0,0,0,0,0
10,2,EJEMPLO,369,576,36,11,8,3,0,0,0,0,0,0,0,0,0,0,0,0
10,3,EJEMPLO,535,521,45,11,8,2,0,3,-1,0,0,0,128-128-128,0-0-0,|0||128-128-128,0,0,0,0,0,0
1,4,3,1,0,0,0,0,0,64,0,-1--1--1,,1|(414,418)|
1,5,2,1,0,0,0,0,0,64,0,-1--1--1,,1|(328,447)

10,1,EXAMPLE,283,306,38,11,8,3,0,0,0,0,0,0,0,0,0,0,0,0
10,2,EJEMPLO,807,376,36,11,8,3,0,0,0,0,0,0,0,0,0,0,0,0
10,3,EJEMPLO,776,246,45,11,8,2,0,3,-1,0,0,0,128-128-128,0-0-0,|0||128-128-128,0,0,0,0,0,0
1,4,3,1,0,0,0,0,0,64,0,-1--1--1,,1|(532,275)|
1,5,2,1,0,0,0,0,0,64,0,-1--1--1,,1|(552,342)

-----------------------------------------------------------------------


10,1,HOLA,219,206,24,11,8,3,0,0,0,0,0,0,0,0,0,0,0,0
10,2,ALO,161,377,18,11,8,3,0,0,0,0,0,0,0,0,0,0,0,0
10,3,HOLA,407,271,33,11,8,2,0,3,-1,0,0,0,128-128-128,0-0-0,|0||128-128-128,0,0,0,0,0,0
1,4,3,2,1,0,0,0,0,64,0,-1--1--1,,1|(294,337)|
1,5,1,2,0,0,0,0,0,64,0,-1--1--1,,1|(192,284)|


*View 1
$192-192-192,0,Times New Roman|12||0-0-0|0-0-0|0-0-255|-1--1--1|-1--1--1|96,96,100,0
10,1,ALO,161,343,18,11,8,3,0,0,0,0,0,0,0,0,0,0,0,0
1,3,2,1,1,0,0,0,0,64,0,-1--1--1,,1|(294,303)|
\\\---/// Sketch information - do not modify anything except names
V300  Do not put anything below this section - it will be ignored
*View 2
$192-192-192,0,Times New Roman|12||0-0-0|0-0-0|0-0-255|-1--1--1|-1--1--1|96,96,100,0
10,1,HOLA,219,172,24,11,8,3,0,0,0,0,0,0,0,0,0,0,0,

*View 1
$192-192-192,0,Times New Roman|12||0-0-0|0-0-0|0-0-255|-1--1--1|-1--1--1|96,96,100,0
10,1,ALO,161,343,18,11,8,3,0,0,0,0,0,0,0,0,0,0,0,0
10,2,HOLA 0,234,520,30,11,8,3,0,0,0,0,0,0,0,0,0,0,0,0
10,3,HOLA,387,388,33,11,8,2,0,3,-1,0,0,0,128-128-128,0-0-0,|0||128-128-128,0,0,0,0,0,0
1,4,3,1,0,0,0,0,0,64,0,-1--1--1,,1|(273,365)|
1,5,2,1,0,0,0,0,0,64,0,-1--1--1,,1|(200,437)|
\\\---/// Sketch information - do not modify anything except names
V300  Do not put anything below this section - it will be ignored
*View 2
$192-192-192,0,Times New Roman|12||0-0-0|0-0-0|0-0-255|-1--1--1|-1--1--1|96,96,100,0
10,1,HOLA,219,172,24,11,8,3,0,0,0,0,0,0,0,0,0,0,0,0

--------------------------------------------------------------------------------

10,1,ADIOS,311,199,26,11,8,3,0,0,0,0,0,0,0,0,0,0,0,0
10,2,AD,196,395,13,11,8,3,0,0,0,0,0,0,0,0,0,0,0,0
10,3,AD,330,385,22,11,8,2,0,3,-1,0,0,0,128-128-128,0-0-0,|0||128-128-128,0,0,0,0,0,0

10,1,ADIOS,311,182,26,11,8,3,0,0,0,0,0,0,0,0,0,0,0,0

10,1,ADIOS,311,182,26,11,8,3,0,0,0,0,0,0,0,0,0,0,0,0
10,2,AD,623,57,13,11,8,3,0,0,0,0,0,0,0,0,0,0,0,0
10,3,AD,643,165,22,11,8,2,0,3,-1,0,0,0,128-128-128,0-0-0,|0||128-128-128,0,0,0,0,0,